# relative_time, cycles_done, cur_item, corpus_count, pending_total, pending_favs, map_size, saved_crashes, saved_hangs, max_depth, execs_per_sec, total_execs, edges_found
60, 0, 1, 2, 1, 1, 24.17%, 0, 0, 1, 13.76, 847, 29
65, 0, 1, 2, 1, 1, 24.17%, 0, 0, 1, 13.22, 916, 29
70, 0, 1, 2, 1, 1, 24.17%, 0, 0, 1, 12.94, 982, 29
75, 0, 1, 2, 1, 1, 24.17%, 0, 0, 1, 13.42, 1051, 29
80, 0, 1, 2, 1, 1, 24.17%, 0, 0, 1, 13.64, 1120, 29
85, 0, 1, 2, 1, 1, 24.17%, 0, 0, 1, 13.68, 1189, 29
91, 0, 1, 2, 1, 1, 24.17%, 0, 0, 1, 13.70, 1258, 29
96, 0, 1, 2, 1, 1, 24.17%, 0, 0, 1, 13.29, 1327, 29
101, 0, 1, 2, 1, 1, 24.17%, 0, 0, 1, 12.46, 1390, 29
106, 0, 1, 2, 1, 1, 24.17%, 0, 0, 1, 12.57, 1455, 29
111, 0, 1, 2, 1, 1, 24.17%, 0, 0, 1, 13.42, 1524, 29
116, 0, 1, 2, 1, 1, 24.17%, 0, 0, 1, 13.47, 1593, 29
121, 0, 1, 2, 1, 1, 24.17%, 0, 0, 1, 14.52, 1666, 29
126, 0, 1, 3, 2, 1, 25.00%, 0, 0, 2, 14.67, 1742, 30
132, 0, 1, 3, 2, 1, 25.00%, 0, 0, 2, 14.76, 1819, 30
137, 0, 0, 3, 0, 0, 25.00%, 0, 0, 2, 14.30, 1891, 30
142, 0, 0, 3, 0, 0, 25.00%, 0, 0, 2, 13.39, 1960, 30
147, 0, 0, 3, 0, 0, 25.00%, 0, 0, 2, 13.58, 2029, 30
152, 0, 2, 3, 0, 0, 25.00%, 0, 0, 2, 14.38, 2102, 30
157, 0, 1, 3, 0, 0, 25.00%, 0, 0, 2, 15.70, 2186, 30
162, 0, 1, 3, 0, 0, 25.00%, 0, 0, 2, 14.92, 2261, 30
167, 0, 1, 3, 0, 0, 25.00%, 0, 0, 2, 14.74, 2336, 30
172, 1, 0, 3, 0, 0, 25.00%, 0, 0, 2, 14.71, 2411, 30
178, 1, 0, 3, 0, 0, 25.00%, 0, 0, 2, 14.05, 2483, 30
183, 1, 0, 3, 0, 0, 25.00%, 0, 0, 2, 13.84, 2552, 30
188, 1, 0, 3, 0, 0, 25.00%, 0, 0, 2, 14.09, 2624, 30
193, 1, 0, 3, 0, 0, 25.00%, 0, 0, 2, 13.99, 2696, 30
198, 1, 0, 3, 0, 0, 25.00%, 0, 0, 2, 14.04, 2769, 30
203, 1, 1, 3, 0, 0, 25.00%, 0, 0, 2, 13.92, 2839, 30
208, 1, 1, 3, 0, 0, 25.00%, 0, 0, 2, 14.60, 2914, 30
213, 1, 1, 3, 0, 0, 25.00%, 0, 0, 2, 14.70, 2989, 30
218, 1, 0, 3, 0, 0, 25.00%, 0, 0, 2, 14.72, 3064, 30
223, 1, 0, 3, 0, 0, 25.00%, 0, 0, 2, 14.19, 3136, 30
228, 1, 0, 3, 0, 0, 25.00%, 0, 0, 2, 13.87, 3205, 30
234, 1, 2, 3, 0, 0, 25.00%, 0, 0, 2, 14.94, 3282, 30
239, 2, 1, 3, 0, 0, 25.00%, 0, 0, 2, 16.63, 3367, 30
244, 2, 1, 3, 0, 0, 25.00%, 0, 0, 2, 15.10, 3442, 30
249, 2, 1, 3, 0, 0, 25.00%, 0, 0, 2, 14.81, 3518, 30
254, 2, 2, 3, 0, 0, 25.00%, 0, 0, 2, 14.76, 3593, 30
259, 2, 0, 3, 0, 0, 25.00%, 0, 0, 2, 14.41, 3668, 30
264, 2, 0, 3, 0, 0, 25.00%, 0, 0, 2, 14.29, 3741, 30
269, 2, 0, 3, 0, 0, 25.00%, 0, 0, 2, 13.85, 3810, 30
274, 3, 0, 3, 0, 0, 25.00%, 0, 0, 2, 14.46, 3885, 30
279, 3, 0, 3, 0, 0, 25.00%, 0, 0, 2, 14.05, 3957, 30
284, 3, 0, 3, 0, 0, 25.00%, 0, 0, 2, 13.85, 4026, 30
289, 3, 0, 3, 0, 0, 25.00%, 0, 0, 2, 14.51, 4099, 30
295, 3, 0, 3, 0, 0, 25.00%, 0, 0, 2, 14.16, 4171, 30
300, 3, 0, 3, 0, 0, 25.00%, 0, 0, 2, 13.87, 4240, 30
305, 3, 0, 3, 0, 0, 25.00%, 0, 0, 2, 13.79, 4309, 30
310, 3, 1, 3, 0, 0, 25.00%, 0, 0, 2, 15.55, 4396, 30
315, 3, 1, 3, 0, 0, 25.00%, 0, 0, 2, 14.87, 4471, 30
320, 3, 2, 3, 0, 0, 25.00%, 0, 0, 2, 14.92, 4547, 30
325, 4, 2, 3, 0, 0, 25.00%, 0, 0, 2, 14.78, 4622, 30
330, 4, 0, 3, 0, 0, 25.00%, 0, 0, 2, 14.74, 4697, 30
335, 4, 0, 3, 0, 0, 25.00%, 0, 0, 2, 14.65, 4774, 30
340, 4, 0, 3, 0, 0, 25.00%, 0, 0, 2, 14.44, 4845, 30
345, 4, 0, 3, 0, 0, 25.00%, 0, 0, 2, 14.29, 4917, 30
351, 4, 0, 3, 0, 0, 25.00%, 0, 0, 2, 14.34, 4992, 30
356, 4, 0, 3, 0, 0, 25.00%, 0, 0, 2, 13.89, 5061, 30
361, 4, 0, 3, 0, 0, 25.00%, 0, 0, 2, 13.92, 5133, 30
366, 4, 0, 3, 0, 0, 25.00%, 0, 0, 2, 13.85, 5205, 30
371, 4, 0, 3, 0, 0, 25.00%, 0, 0, 2, 14.64, 5279, 30
376, 4, 0, 3, 0, 0, 25.00%, 0, 0, 2, 13.92, 5348, 30
381, 5, 2, 3, 0, 0, 25.00%, 0, 0, 2, 14.57, 5424, 30
386, 5, 1, 3, 0, 0, 25.00%, 0, 0, 2, 15.08, 5500, 30
391, 5, 1, 3, 0, 0, 25.00%, 0, 0, 2, 14.79, 5575, 30
396, 5, 1, 3, 0, 0, 25.00%, 0, 0, 2, 14.71, 5650, 30
402, 5, 0, 3, 0, 0, 25.00%, 0, 0, 2, 14.68, 5725, 30
407, 5, 0, 3, 0, 0, 25.00%, 0, 0, 2, 14.88, 5799, 30
412, 5, 0, 3, 0, 0, 25.00%, 0, 0, 2, 14.01, 5868, 30
417, 6, 0, 3, 0, 0, 25.00%, 0, 0, 2, 14.36, 5940, 30
422, 6, 0, 3, 0, 0, 25.00%, 0, 0, 2, 14.41, 6014, 30
427, 6, 0, 3, 0, 0, 25.00%, 0, 0, 2, 13.90, 6083, 30
432, 6, 0, 3, 0, 0, 25.00%, 0, 0, 2, 13.80, 6152, 30
437, 6, 1, 3, 0, 0, 25.00%, 0, 0, 2, 14.20, 6224, 30
442, 6, 1, 3, 0, 0, 25.00%, 0, 0, 2, 14.65, 6300, 30
447, 6, 1, 3, 0, 0, 25.00%, 0, 0, 2, 14.70, 6376, 30
452, 6, 0, 3, 0, 0, 25.00%, 0, 0, 2, 14.38, 6451, 30
457, 6, 0, 3, 0, 0, 25.00%, 0, 0, 2, 13.88, 6520, 30
462, 6, 0, 3, 0, 0, 25.00%, 0, 0, 2, 13.80, 6589, 30
467, 6, 0, 3, 0, 0, 25.00%, 0, 0, 2, 14.29, 6661, 30
472, 6, 0, 3, 0, 0, 25.00%, 0, 0, 2, 13.88, 6730, 30
477, 6, 0, 3, 0, 0, 25.00%, 0, 0, 2, 13.80, 6799, 30
483, 7, 1, 4, 1, 0, 25.00%, 0, 0, 2, 15.25, 6879, 30
488, 7, 1, 4, 1, 0, 25.00%, 0, 0, 2, 14.99, 6957, 30
493, 7, 1, 4, 1, 0, 25.00%, 0, 0, 2, 14.75, 7033, 30
498, 7, 1, 4, 1, 0, 25.00%, 0, 0, 2, 14.60, 7108, 30
503, 7, 3, 4, 1, 1, 25.00%, 0, 0, 2, 13.97, 7180, 30
508, 7, 3, 4, 1, 1, 25.00%, 0, 0, 2, 13.83, 7249, 30
513, 7, 3, 4, 1, 1, 25.00%, 0, 0, 2, 13.78, 7318, 30
518, 7, 3, 4, 1, 1, 25.00%, 0, 0, 2, 13.75, 7387, 30
523, 7, 3, 4, 1, 1, 25.00%, 0, 0, 2, 13.76, 7456, 30
529, 7, 3, 4, 1, 1, 25.00%, 0, 0, 2, 13.76, 7525, 30
534, 7, 3, 4, 1, 1, 25.00%, 0, 0, 2, 13.71, 7594, 30
539, 7, 3, 4, 1, 1, 25.00%, 0, 0, 2, 13.69, 7663, 30
544, 7, 3, 4, 1, 1, 25.00%, 0, 0, 2, 13.70, 7732, 30
549, 7, 3, 4, 1, 1, 25.00%, 0, 0, 2, 13.70, 7801, 30
554, 7, 3, 4, 1, 1, 25.00%, 0, 0, 2, 13.69, 7870, 30
559, 7, 3, 4, 1, 1, 25.00%, 0, 0, 2, 13.76, 7939, 30
564, 7, 3, 4, 1, 1, 25.00%, 0, 0, 2, 13.76, 8008, 30
569, 7, 3, 4, 1, 1, 25.00%, 0, 0, 2, 13.75, 8077, 30
574, 7, 3, 4, 1, 1, 25.00%, 0, 0, 2, 13.71, 8146, 30
579, 7, 3, 4, 1, 1, 25.00%, 0, 0, 2, 13.75, 8215, 30
584, 7, 3, 4, 1, 1, 25.00%, 0, 0, 2, 13.74, 8284, 30
589, 7, 3, 4, 1, 1, 25.00%, 0, 0, 2, 13.76, 8353, 30
594, 7, 3, 4, 1, 1, 25.00%, 0, 0, 2, 13.76, 8422, 30
599, 7, 3, 4, 1, 1, 25.00%, 0, 0, 2, 13.75, 8491, 30
604, 7, 3, 4, 1, 1, 25.00%, 0, 0, 2, 13.75, 8560, 30
609, 7, 3, 4, 1, 1, 25.00%, 0, 0, 2, 13.73, 8629, 30
614, 7, 3, 4, 1, 1, 25.00%, 0, 0, 2, 13.74, 8698, 30
619, 7, 3, 4, 0, 0, 25.00%, 0, 0, 2, 13.99, 8770, 30
624, 7, 3, 4, 0, 0, 25.00%, 0, 0, 2, 13.87, 8841, 30
629, 7, 3, 4, 0, 0, 25.00%, 0, 0, 2, 14.16, 8914, 30
634, 7, 3, 4, 0, 0, 25.00%, 0, 0, 2, 14.33, 8986, 30
639, 7, 3, 4, 0, 0, 25.00%, 0, 0, 2, 14.42, 9058, 30
644, 7, 3, 4, 0, 0, 25.00%, 0, 0, 2, 14.50, 9131, 30
649, 7, 3, 4, 0, 0, 25.00%, 0, 0, 2, 14.47, 9206, 30
654, 7, 3, 4, 0, 0, 25.00%, 0, 0, 2, 17.22, 9293, 30
660, 7, 3, 4, 0, 0, 25.00%, 0, 0, 2, 19.59, 9399, 30
665, 7, 3, 4, 0, 0, 25.00%, 0, 0, 2, 15.82, 9479, 30
670, 7, 3, 4, 0, 0, 25.00%, 0, 0, 2, 14.46, 9551, 30
675, 7, 3, 4, 0, 0, 25.00%, 0, 0, 2, 14.56, 9626, 30
680, 7, 3, 4, 0, 0, 25.00%, 0, 0, 2, 14.39, 9698, 30
685, 7, 3, 4, 0, 0, 25.00%, 0, 0, 2, 16.72, 9784, 30
690, 7, 3, 4, 0, 0, 25.00%, 0, 0, 2, 19.35, 9888, 30
695, 7, 3, 4, 0, 0, 25.00%, 0, 0, 2, 16.72, 9973, 30
701, 7, 3, 4, 0, 0, 25.00%, 0, 0, 2, 14.96, 10046, 30
706, 7, 3, 4, 0, 0, 25.00%, 0, 0, 2, 14.84, 10122, 30
711, 7, 3, 4, 0, 0, 25.00%, 0, 0, 2, 14.54, 10197, 30
716, 7, 0, 4, 0, 0, 25.00%, 0, 0, 2, 14.58, 10272, 30
721, 7, 0, 4, 0, 0, 25.00%, 0, 0, 2, 14.17, 10344, 30
726, 7, 0, 4, 0, 0, 25.00%, 0, 0, 2, 13.82, 10413, 30
731, 7, 0, 4, 0, 0, 25.00%, 0, 0, 2, 13.80, 10485, 30
736, 7, 3, 4, 0, 0, 25.00%, 0, 0, 2, 14.00, 10558, 30
742, 7, 3, 4, 0, 0, 25.00%, 0, 0, 2, 14.11, 10630, 30
747, 7, 3, 4, 0, 0, 25.00%, 0, 0, 2, 14.13, 10701, 30
752, 7, 3, 4, 0, 0, 25.00%, 0, 0, 2, 14.57, 10776, 30
757, 7, 3, 4, 0, 0, 25.00%, 0, 0, 2, 14.35, 10850, 30
762, 7, 3, 4, 0, 0, 25.00%, 0, 0, 2, 14.38, 10922, 30
767, 7, 3, 4, 0, 0, 25.00%, 0, 0, 2, 14.45, 10997, 30
772, 8, 0, 4, 0, 0, 25.00%, 0, 0, 2, 14.28, 11069, 30
777, 8, 0, 4, 0, 0, 25.00%, 0, 0, 2, 13.88, 11138, 30
782, 8, 0, 4, 0, 0, 25.00%, 0, 0, 2, 14.11, 11210, 30
787, 8, 3, 4, 0, 0, 25.00%, 0, 0, 2, 18.00, 11303, 30
792, 8, 3, 4, 0, 0, 25.00%, 0, 0, 2, 19.75, 11409, 30
797, 8, 3, 4, 0, 0, 25.00%, 0, 0, 2, 15.37, 11481, 30
798, 8, 3, 4, 0, 0, 25.00%, 0, 0, 2, 14.92, 11486, 30
